{
 "cells": [
  {
   "cell_type": "code",
   "execution_count": 1,
   "metadata": {},
   "outputs": [],
   "source": [
    "# import necessary libraries\n",
    "%matplotlib inline\n",
    "\n",
    "import numpy as np\n",
    "import pandas as pd\n",
    "import seaborn as sns\n",
    "import matplotlib.pyplot as plt\n",
    "import plotly.express as px\n",
    "import plotly.figure_factory as ff\n",
    "from plotly.subplots import make_subplots\n",
    "\n",
    "import warnings\n",
    "warnings.filterwarnings('ignore')"
   ]
  },
  {
   "cell_type": "code",
   "execution_count": 2,
   "metadata": {},
   "outputs": [
    {
     "name": "stdout",
     "output_type": "stream",
     "text": [
      "{'encoding': 'ascii', 'confidence': 1.0, 'language': ''}\n"
     ]
    }
   ],
   "source": [
    "# checking for the encoding\n",
    "import chardet\n",
    "\n",
    "data_path = 'dataset/heart.csv'\n",
    "with open(data_path, 'rb') as f:\n",
    "    result = chardet.detect(f.read())\n",
    "print(result)"
   ]
  },
  {
   "cell_type": "code",
   "execution_count": 3,
   "metadata": {},
   "outputs": [
    {
     "name": "stdout",
     "output_type": "stream",
     "text": [
      "      age  sex  cp  trestbps  chol  fbs  restecg  thalach  exang  oldpeak  \\\n",
      "0      52    1   0       125   212    0        1      168      0      1.0   \n",
      "1      53    1   0       140   203    1        0      155      1      3.1   \n",
      "2      70    1   0       145   174    0        1      125      1      2.6   \n",
      "3      61    1   0       148   203    0        1      161      0      0.0   \n",
      "4      62    0   0       138   294    1        1      106      0      1.9   \n",
      "...   ...  ...  ..       ...   ...  ...      ...      ...    ...      ...   \n",
      "1020   59    1   1       140   221    0        1      164      1      0.0   \n",
      "1021   60    1   0       125   258    0        0      141      1      2.8   \n",
      "1022   47    1   0       110   275    0        0      118      1      1.0   \n",
      "1023   50    0   0       110   254    0        0      159      0      0.0   \n",
      "1024   54    1   0       120   188    0        1      113      0      1.4   \n",
      "\n",
      "      slope  ca  thal  target  \n",
      "0         2   2     3       0  \n",
      "1         0   0     3       0  \n",
      "2         0   0     3       0  \n",
      "3         2   1     3       0  \n",
      "4         1   3     2       0  \n",
      "...     ...  ..   ...     ...  \n",
      "1020      2   0     2       1  \n",
      "1021      1   1     3       0  \n",
      "1022      1   1     2       0  \n",
      "1023      2   0     2       1  \n",
      "1024      1   1     3       0  \n",
      "\n",
      "[1025 rows x 14 columns]\n"
     ]
    }
   ],
   "source": [
    "# load the data\n",
    "df = pd.read_csv(data_path, encoding=result['encoding'])\n",
    "print(df)"
   ]
  },
  {
   "attachments": {},
   "cell_type": "markdown",
   "metadata": {},
   "source": [
    "## Metadata\n",
    "1. age => age of patients\n",
    "2. sex => gender of patients (1 = male; 0 = female)\n",
    "3. cp => chest pain type (4 values)\n",
    "4. trestbps => resting blood pressure\n",
    "5. chol => serum cholestoral in mg/dl\n",
    "6. fbs => fasting blood sugar > 120 mg/dl\n",
    "7. restecg => resting electrocardiographic results (values 0,1,2)\n",
    "8. thalach => maximum heart rate achieved\n",
    "9. exang => exercise induced angina (1 = yes; 0 = no)\n",
    "10. oldpeak => ST depression induced by exercise relative to rest\n",
    "11. slope => the slope of the peak exercise ST segment\n",
    "12. ca => number of major vessels (0-3) colored by flourosopy\n",
    "13. thal => (0 = normal; 1 = fixed defect; 2 = reversable defect)\n",
    "14. target => presence of heart disease in the patient (0 = normal; 1 = detected)\n",
    "    \n",
    "\n",
    "The names and social security numbers of the patients were recently removed from the database, replaced with dummy values."
   ]
  },
  {
   "cell_type": "code",
   "execution_count": 4,
   "metadata": {},
   "outputs": [
    {
     "data": {
      "text/plain": [
       "Index(['age', 'sex', 'cp', 'trestbps', 'chol', 'fbs', 'restecg', 'thalach',\n",
       "       'exang', 'oldpeak', 'slope', 'ca', 'thal', 'target'],\n",
       "      dtype='object')"
      ]
     },
     "execution_count": 4,
     "metadata": {},
     "output_type": "execute_result"
    }
   ],
   "source": [
    "#check unique column\n",
    "df.columns.unique()"
   ]
  },
  {
   "cell_type": "code",
   "execution_count": 5,
   "metadata": {},
   "outputs": [
    {
     "name": "stdout",
     "output_type": "stream",
     "text": [
      "sex 2 unique values are: [1 0]\n",
      "cp 4 unique values are: [0 1 2 3]\n",
      "fbs 2 unique values are: [0 1]\n",
      "restecg 3 unique values are: [1 0 2]\n",
      "exang 2 unique values are: [0 1]\n",
      "ca 5 unique values are: [2 0 1 3 4]\n",
      "thal 4 unique values are: [3 2 1 0]\n",
      "target 2 unique values are: [0 1]\n"
     ]
    }
   ],
   "source": [
    "# Check unique values for selected columns\n",
    "for feature in ['sex', 'cp', 'fbs', 'restecg', 'exang', 'ca', 'thal', 'target']:\n",
    "    feature_unique = df[feature].unique()\n",
    "    print(feature, len(feature_unique), 'unique values are:', feature_unique)"
   ]
  },
  {
   "cell_type": "code",
   "execution_count": 6,
   "metadata": {},
   "outputs": [
    {
     "name": "stdout",
     "output_type": "stream",
     "text": [
      "<class 'pandas.core.frame.DataFrame'>\n",
      "RangeIndex: 1025 entries, 0 to 1024\n",
      "Data columns (total 14 columns):\n",
      " #   Column    Non-Null Count  Dtype  \n",
      "---  ------    --------------  -----  \n",
      " 0   age       1025 non-null   int64  \n",
      " 1   sex       1025 non-null   int64  \n",
      " 2   cp        1025 non-null   int64  \n",
      " 3   trestbps  1025 non-null   int64  \n",
      " 4   chol      1025 non-null   int64  \n",
      " 5   fbs       1025 non-null   int64  \n",
      " 6   restecg   1025 non-null   int64  \n",
      " 7   thalach   1025 non-null   int64  \n",
      " 8   exang     1025 non-null   int64  \n",
      " 9   oldpeak   1025 non-null   float64\n",
      " 10  slope     1025 non-null   int64  \n",
      " 11  ca        1025 non-null   int64  \n",
      " 12  thal      1025 non-null   int64  \n",
      " 13  target    1025 non-null   int64  \n",
      "dtypes: float64(1), int64(13)\n",
      "memory usage: 112.2 KB\n"
     ]
    }
   ],
   "source": [
    "df.info()"
   ]
  },
  {
   "cell_type": "code",
   "execution_count": 7,
   "metadata": {},
   "outputs": [],
   "source": [
    "# change data type to categorical for 'sex', 'cp', 'fbs', 'restecg', 'exang', 'slope', 'ca' and 'thal'\n",
    "# list = ['sex', 'cp', 'fbs', 'restecg', 'exang', 'slope', 'ca', 'thal']\n",
    "# df[list] = df[list].astype('category')\n",
    "# df.info()"
   ]
  },
  {
   "cell_type": "code",
   "execution_count": 8,
   "metadata": {},
   "outputs": [
    {
     "data": {
      "text/html": [
       "<div>\n",
       "<style scoped>\n",
       "    .dataframe tbody tr th:only-of-type {\n",
       "        vertical-align: middle;\n",
       "    }\n",
       "\n",
       "    .dataframe tbody tr th {\n",
       "        vertical-align: top;\n",
       "    }\n",
       "\n",
       "    .dataframe thead th {\n",
       "        text-align: right;\n",
       "    }\n",
       "</style>\n",
       "<table border=\"1\" class=\"dataframe\">\n",
       "  <thead>\n",
       "    <tr style=\"text-align: right;\">\n",
       "      <th></th>\n",
       "      <th>age</th>\n",
       "      <th>sex</th>\n",
       "      <th>cp</th>\n",
       "      <th>trestbps</th>\n",
       "      <th>chol</th>\n",
       "      <th>fbs</th>\n",
       "      <th>restecg</th>\n",
       "      <th>thalach</th>\n",
       "      <th>exang</th>\n",
       "      <th>oldpeak</th>\n",
       "      <th>slope</th>\n",
       "      <th>ca</th>\n",
       "      <th>thal</th>\n",
       "      <th>target</th>\n",
       "    </tr>\n",
       "  </thead>\n",
       "  <tbody>\n",
       "    <tr>\n",
       "      <th>count</th>\n",
       "      <td>1025.000000</td>\n",
       "      <td>1025.000000</td>\n",
       "      <td>1025.000000</td>\n",
       "      <td>1025.000000</td>\n",
       "      <td>1025.00000</td>\n",
       "      <td>1025.000000</td>\n",
       "      <td>1025.000000</td>\n",
       "      <td>1025.000000</td>\n",
       "      <td>1025.000000</td>\n",
       "      <td>1025.000000</td>\n",
       "      <td>1025.000000</td>\n",
       "      <td>1025.000000</td>\n",
       "      <td>1025.000000</td>\n",
       "      <td>1025.000000</td>\n",
       "    </tr>\n",
       "    <tr>\n",
       "      <th>mean</th>\n",
       "      <td>54.434146</td>\n",
       "      <td>0.695610</td>\n",
       "      <td>0.942439</td>\n",
       "      <td>131.611707</td>\n",
       "      <td>246.00000</td>\n",
       "      <td>0.149268</td>\n",
       "      <td>0.529756</td>\n",
       "      <td>149.114146</td>\n",
       "      <td>0.336585</td>\n",
       "      <td>1.071512</td>\n",
       "      <td>1.385366</td>\n",
       "      <td>0.754146</td>\n",
       "      <td>2.323902</td>\n",
       "      <td>0.513171</td>\n",
       "    </tr>\n",
       "    <tr>\n",
       "      <th>std</th>\n",
       "      <td>9.072290</td>\n",
       "      <td>0.460373</td>\n",
       "      <td>1.029641</td>\n",
       "      <td>17.516718</td>\n",
       "      <td>51.59251</td>\n",
       "      <td>0.356527</td>\n",
       "      <td>0.527878</td>\n",
       "      <td>23.005724</td>\n",
       "      <td>0.472772</td>\n",
       "      <td>1.175053</td>\n",
       "      <td>0.617755</td>\n",
       "      <td>1.030798</td>\n",
       "      <td>0.620660</td>\n",
       "      <td>0.500070</td>\n",
       "    </tr>\n",
       "    <tr>\n",
       "      <th>min</th>\n",
       "      <td>29.000000</td>\n",
       "      <td>0.000000</td>\n",
       "      <td>0.000000</td>\n",
       "      <td>94.000000</td>\n",
       "      <td>126.00000</td>\n",
       "      <td>0.000000</td>\n",
       "      <td>0.000000</td>\n",
       "      <td>71.000000</td>\n",
       "      <td>0.000000</td>\n",
       "      <td>0.000000</td>\n",
       "      <td>0.000000</td>\n",
       "      <td>0.000000</td>\n",
       "      <td>0.000000</td>\n",
       "      <td>0.000000</td>\n",
       "    </tr>\n",
       "    <tr>\n",
       "      <th>25%</th>\n",
       "      <td>48.000000</td>\n",
       "      <td>0.000000</td>\n",
       "      <td>0.000000</td>\n",
       "      <td>120.000000</td>\n",
       "      <td>211.00000</td>\n",
       "      <td>0.000000</td>\n",
       "      <td>0.000000</td>\n",
       "      <td>132.000000</td>\n",
       "      <td>0.000000</td>\n",
       "      <td>0.000000</td>\n",
       "      <td>1.000000</td>\n",
       "      <td>0.000000</td>\n",
       "      <td>2.000000</td>\n",
       "      <td>0.000000</td>\n",
       "    </tr>\n",
       "    <tr>\n",
       "      <th>50%</th>\n",
       "      <td>56.000000</td>\n",
       "      <td>1.000000</td>\n",
       "      <td>1.000000</td>\n",
       "      <td>130.000000</td>\n",
       "      <td>240.00000</td>\n",
       "      <td>0.000000</td>\n",
       "      <td>1.000000</td>\n",
       "      <td>152.000000</td>\n",
       "      <td>0.000000</td>\n",
       "      <td>0.800000</td>\n",
       "      <td>1.000000</td>\n",
       "      <td>0.000000</td>\n",
       "      <td>2.000000</td>\n",
       "      <td>1.000000</td>\n",
       "    </tr>\n",
       "    <tr>\n",
       "      <th>75%</th>\n",
       "      <td>61.000000</td>\n",
       "      <td>1.000000</td>\n",
       "      <td>2.000000</td>\n",
       "      <td>140.000000</td>\n",
       "      <td>275.00000</td>\n",
       "      <td>0.000000</td>\n",
       "      <td>1.000000</td>\n",
       "      <td>166.000000</td>\n",
       "      <td>1.000000</td>\n",
       "      <td>1.800000</td>\n",
       "      <td>2.000000</td>\n",
       "      <td>1.000000</td>\n",
       "      <td>3.000000</td>\n",
       "      <td>1.000000</td>\n",
       "    </tr>\n",
       "    <tr>\n",
       "      <th>max</th>\n",
       "      <td>77.000000</td>\n",
       "      <td>1.000000</td>\n",
       "      <td>3.000000</td>\n",
       "      <td>200.000000</td>\n",
       "      <td>564.00000</td>\n",
       "      <td>1.000000</td>\n",
       "      <td>2.000000</td>\n",
       "      <td>202.000000</td>\n",
       "      <td>1.000000</td>\n",
       "      <td>6.200000</td>\n",
       "      <td>2.000000</td>\n",
       "      <td>4.000000</td>\n",
       "      <td>3.000000</td>\n",
       "      <td>1.000000</td>\n",
       "    </tr>\n",
       "  </tbody>\n",
       "</table>\n",
       "</div>"
      ],
      "text/plain": [
       "               age          sex           cp     trestbps        chol  \\\n",
       "count  1025.000000  1025.000000  1025.000000  1025.000000  1025.00000   \n",
       "mean     54.434146     0.695610     0.942439   131.611707   246.00000   \n",
       "std       9.072290     0.460373     1.029641    17.516718    51.59251   \n",
       "min      29.000000     0.000000     0.000000    94.000000   126.00000   \n",
       "25%      48.000000     0.000000     0.000000   120.000000   211.00000   \n",
       "50%      56.000000     1.000000     1.000000   130.000000   240.00000   \n",
       "75%      61.000000     1.000000     2.000000   140.000000   275.00000   \n",
       "max      77.000000     1.000000     3.000000   200.000000   564.00000   \n",
       "\n",
       "               fbs      restecg      thalach        exang      oldpeak  \\\n",
       "count  1025.000000  1025.000000  1025.000000  1025.000000  1025.000000   \n",
       "mean      0.149268     0.529756   149.114146     0.336585     1.071512   \n",
       "std       0.356527     0.527878    23.005724     0.472772     1.175053   \n",
       "min       0.000000     0.000000    71.000000     0.000000     0.000000   \n",
       "25%       0.000000     0.000000   132.000000     0.000000     0.000000   \n",
       "50%       0.000000     1.000000   152.000000     0.000000     0.800000   \n",
       "75%       0.000000     1.000000   166.000000     1.000000     1.800000   \n",
       "max       1.000000     2.000000   202.000000     1.000000     6.200000   \n",
       "\n",
       "             slope           ca         thal       target  \n",
       "count  1025.000000  1025.000000  1025.000000  1025.000000  \n",
       "mean      1.385366     0.754146     2.323902     0.513171  \n",
       "std       0.617755     1.030798     0.620660     0.500070  \n",
       "min       0.000000     0.000000     0.000000     0.000000  \n",
       "25%       1.000000     0.000000     2.000000     0.000000  \n",
       "50%       1.000000     0.000000     2.000000     1.000000  \n",
       "75%       2.000000     1.000000     3.000000     1.000000  \n",
       "max       2.000000     4.000000     3.000000     1.000000  "
      ]
     },
     "execution_count": 8,
     "metadata": {},
     "output_type": "execute_result"
    }
   ],
   "source": [
    "df.describe()"
   ]
  },
  {
   "cell_type": "code",
   "execution_count": 9,
   "metadata": {},
   "outputs": [
    {
     "data": {
      "text/plain": [
       "False"
      ]
     },
     "execution_count": 9,
     "metadata": {},
     "output_type": "execute_result"
    }
   ],
   "source": [
    "#check missing value\n",
    "df.isnull().values.any()"
   ]
  },
  {
   "cell_type": "code",
   "execution_count": 10,
   "metadata": {},
   "outputs": [
    {
     "data": {
      "application/vnd.plotly.v1+json": {
       "config": {
        "plotlyServerURL": "https://plot.ly"
       },
       "data": [
        {
         "coloraxis": "coloraxis",
         "hovertemplate": "x: %{x}<br>y: %{y}<br>color: %{z}<extra></extra>",
         "name": "0",
         "text": [
          [
           1,
           -0.1,
           -0.07,
           0.27,
           0.22,
           0.12,
           -0.13,
           -0.39,
           0.09,
           0.21,
           -0.17,
           0.27,
           0.07,
           -0.23
          ],
          [
           -0.1,
           1,
           -0.04,
           -0.08,
           -0.2,
           0.03,
           -0.06,
           -0.05,
           0.14,
           0.08,
           -0.03,
           0.11,
           0.2,
           -0.28
          ],
          [
           -0.07,
           -0.04,
           1,
           0.04,
           -0.08,
           0.08,
           0.04,
           0.31,
           -0.4,
           -0.17,
           0.13,
           -0.18,
           -0.16,
           0.43
          ],
          [
           0.27,
           -0.08,
           0.04,
           1,
           0.13,
           0.18,
           -0.12,
           -0.04,
           0.06,
           0.19,
           -0.12,
           0.1,
           0.06,
           -0.14
          ],
          [
           0.22,
           -0.2,
           -0.08,
           0.13,
           1,
           0.03,
           -0.15,
           -0.02,
           0.07,
           0.06,
           -0.01,
           0.07,
           0.1,
           -0.1
          ],
          [
           0.12,
           0.03,
           0.08,
           0.18,
           0.03,
           1,
           -0.1,
           -0.01,
           0.05,
           0.01,
           -0.06,
           0.14,
           -0.04,
           -0.04
          ],
          [
           -0.13,
           -0.06,
           0.04,
           -0.12,
           -0.15,
           -0.1,
           1,
           0.05,
           -0.07,
           -0.05,
           0.09,
           -0.08,
           -0.02,
           0.13
          ],
          [
           -0.39,
           -0.05,
           0.31,
           -0.04,
           -0.02,
           -0.01,
           0.05,
           1,
           -0.38,
           -0.35,
           0.4,
           -0.21,
           -0.1,
           0.42
          ],
          [
           0.09,
           0.14,
           -0.4,
           0.06,
           0.07,
           0.05,
           -0.07,
           -0.38,
           1,
           0.31,
           -0.27,
           0.11,
           0.2,
           -0.44
          ],
          [
           0.21,
           0.08,
           -0.17,
           0.19,
           0.06,
           0.01,
           -0.05,
           -0.35,
           0.31,
           1,
           -0.58,
           0.22,
           0.2,
           -0.44
          ],
          [
           -0.17,
           -0.03,
           0.13,
           -0.12,
           -0.01,
           -0.06,
           0.09,
           0.4,
           -0.27,
           -0.58,
           1,
           -0.07,
           -0.09,
           0.35
          ],
          [
           0.27,
           0.11,
           -0.18,
           0.1,
           0.07,
           0.14,
           -0.08,
           -0.21,
           0.11,
           0.22,
           -0.07,
           1,
           0.15,
           -0.38
          ],
          [
           0.07,
           0.2,
           -0.16,
           0.06,
           0.1,
           -0.04,
           -0.02,
           -0.1,
           0.2,
           0.2,
           -0.09,
           0.15,
           1,
           -0.34
          ],
          [
           -0.23,
           -0.28,
           0.43,
           -0.14,
           -0.1,
           -0.04,
           0.13,
           0.42,
           -0.44,
           -0.44,
           0.35,
           -0.38,
           -0.34,
           1
          ]
         ],
         "texttemplate": "%{text}",
         "type": "heatmap",
         "x": [
          "age",
          "sex",
          "cp",
          "trestbps",
          "chol",
          "fbs",
          "restecg",
          "thalach",
          "exang",
          "oldpeak",
          "slope",
          "ca",
          "thal",
          "target"
         ],
         "xaxis": "x",
         "y": [
          "age",
          "sex",
          "cp",
          "trestbps",
          "chol",
          "fbs",
          "restecg",
          "thalach",
          "exang",
          "oldpeak",
          "slope",
          "ca",
          "thal",
          "target"
         ],
         "yaxis": "y",
         "z": [
          [
           1,
           -0.10324029759435555,
           -0.07196627394150716,
           0.27112140631607556,
           0.21982253466576057,
           0.12124347870535487,
           -0.1326961679672904,
           -0.3902270750315936,
           0.08816338342423416,
           0.208136677428114,
           -0.16910511083470264,
           0.2715505294833465,
           0.07229744773281883,
           -0.22932355126761092
          ],
          [
           -0.10324029759435555,
           1,
           -0.04111908876342356,
           -0.07897376914509624,
           -0.19825787170698492,
           0.027200460989107313,
           -0.05511721329926214,
           -0.04936524303254435,
           0.1391568092217166,
           0.08468655858668674,
           -0.026666292452793026,
           0.11172891299897984,
           0.19842425379861428,
           -0.2795007572922624
          ],
          [
           -0.07196627394150716,
           -0.04111908876342356,
           1,
           0.03817742136221452,
           -0.08164102303738098,
           0.0792935856180095,
           0.0435806109482104,
           0.30683928218748036,
           -0.40151271399953703,
           -0.17473347696619906,
           0.13163277884568905,
           -0.17620646750862637,
           -0.16334147996022633,
           0.434854250052737
          ],
          [
           0.27112140631607556,
           -0.07897376914509624,
           0.03817742136221452,
           1,
           0.12797742763764972,
           0.1817666235042397,
           -0.1237940898485045,
           -0.03926406900358624,
           0.0611969690951958,
           0.1874341067530995,
           -0.12044531316610672,
           0.10455371947153318,
           0.05927617580622803,
           -0.13877173373730078
          ],
          [
           0.21982253466576057,
           -0.19825787170698492,
           -0.08164102303738098,
           0.12797742763764972,
           1,
           0.026917163783475338,
           -0.1474102406316102,
           -0.021772091421129704,
           0.0673822343356907,
           0.064880314991909,
           -0.014247867919343115,
           0.07425934349094815,
           0.10024417939490475,
           -0.09996559423254128
          ],
          [
           0.12124347870535487,
           0.027200460989107313,
           0.0792935856180095,
           0.1817666235042397,
           0.026917163783475338,
           1,
           -0.10405124404734181,
           -0.00886585723476282,
           0.04926056964555948,
           0.01085948055953624,
           -0.06190237442862651,
           0.13715625949608365,
           -0.042177320315125964,
           -0.041163547464651236
          ],
          [
           -0.1326961679672904,
           -0.05511721329926214,
           0.0435806109482104,
           -0.1237940898485045,
           -0.1474102406316102,
           -0.10405124404734181,
           1,
           0.048410637347469344,
           -0.06560552501299081,
           -0.05011424982378405,
           0.08608608551297883,
           -0.07807235470415402,
           -0.02050405521765776,
           0.13446820873908916
          ],
          [
           -0.3902270750315936,
           -0.04936524303254435,
           0.30683928218748036,
           -0.03926406900358624,
           -0.021772091421129704,
           -0.00886585723476282,
           0.048410637347469344,
           1,
           -0.38028087239195574,
           -0.3497961631423949,
           0.395307843482417,
           -0.2078884163068212,
           -0.09806816515786754,
           0.4228954964828723
          ],
          [
           0.08816338342423416,
           0.1391568092217166,
           -0.40151271399953703,
           0.0611969690951958,
           0.0673822343356907,
           0.04926056964555948,
           -0.06560552501299081,
           -0.38028087239195574,
           1,
           0.3108437605071181,
           -0.26733547081445297,
           0.10784854280195343,
           0.19720103830526267,
           -0.438028550055846
          ],
          [
           0.208136677428114,
           0.08468655858668674,
           -0.17473347696619906,
           0.1874341067530995,
           0.064880314991909,
           0.01085948055953624,
           -0.05011424982378405,
           -0.3497961631423949,
           0.3108437605071181,
           1,
           -0.575188536437517,
           0.2218160279873609,
           0.2026720266321033,
           -0.4384412701119449
          ],
          [
           -0.16910511083470264,
           -0.026666292452793026,
           0.13163277884568905,
           -0.12044531316610672,
           -0.014247867919343115,
           -0.06190237442862651,
           0.08608608551297883,
           0.395307843482417,
           -0.26733547081445297,
           -0.575188536437517,
           1,
           -0.07344040956153476,
           -0.09409006281152638,
           0.3455117514359986
          ],
          [
           0.2715505294833465,
           0.11172891299897984,
           -0.17620646750862637,
           0.10455371947153318,
           0.07425934349094815,
           0.13715625949608365,
           -0.07807235470415402,
           -0.2078884163068212,
           0.10784854280195343,
           0.2218160279873609,
           -0.07344040956153476,
           1,
           0.14901386792642793,
           -0.3820852890386709
          ],
          [
           0.07229744773281883,
           0.19842425379861428,
           -0.16334147996022633,
           0.05927617580622803,
           0.10024417939490475,
           -0.042177320315125964,
           -0.02050405521765776,
           -0.09806816515786754,
           0.19720103830526267,
           0.2026720266321033,
           -0.09409006281152638,
           0.14901386792642793,
           1,
           -0.3378381504571859
          ],
          [
           -0.22932355126761092,
           -0.2795007572922624,
           0.434854250052737,
           -0.13877173373730078,
           -0.09996559423254128,
           -0.041163547464651236,
           0.13446820873908916,
           0.4228954964828723,
           -0.438028550055846,
           -0.4384412701119449,
           0.3455117514359986,
           -0.3820852890386709,
           -0.3378381504571859,
           1
          ]
         ]
        }
       ],
       "layout": {
        "coloraxis": {
         "colorscale": [
          [
           0,
           "#440154"
          ],
          [
           0.1111111111111111,
           "#482878"
          ],
          [
           0.2222222222222222,
           "#3e4989"
          ],
          [
           0.3333333333333333,
           "#31688e"
          ],
          [
           0.4444444444444444,
           "#26828e"
          ],
          [
           0.5555555555555556,
           "#1f9e89"
          ],
          [
           0.6666666666666666,
           "#35b779"
          ],
          [
           0.7777777777777778,
           "#6ece58"
          ],
          [
           0.8888888888888888,
           "#b5de2b"
          ],
          [
           1,
           "#fde725"
          ]
         ]
        },
        "template": {
         "data": {
          "bar": [
           {
            "error_x": {
             "color": "#2a3f5f"
            },
            "error_y": {
             "color": "#2a3f5f"
            },
            "marker": {
             "line": {
              "color": "#E5ECF6",
              "width": 0.5
             },
             "pattern": {
              "fillmode": "overlay",
              "size": 10,
              "solidity": 0.2
             }
            },
            "type": "bar"
           }
          ],
          "barpolar": [
           {
            "marker": {
             "line": {
              "color": "#E5ECF6",
              "width": 0.5
             },
             "pattern": {
              "fillmode": "overlay",
              "size": 10,
              "solidity": 0.2
             }
            },
            "type": "barpolar"
           }
          ],
          "carpet": [
           {
            "aaxis": {
             "endlinecolor": "#2a3f5f",
             "gridcolor": "white",
             "linecolor": "white",
             "minorgridcolor": "white",
             "startlinecolor": "#2a3f5f"
            },
            "baxis": {
             "endlinecolor": "#2a3f5f",
             "gridcolor": "white",
             "linecolor": "white",
             "minorgridcolor": "white",
             "startlinecolor": "#2a3f5f"
            },
            "type": "carpet"
           }
          ],
          "choropleth": [
           {
            "colorbar": {
             "outlinewidth": 0,
             "ticks": ""
            },
            "type": "choropleth"
           }
          ],
          "contour": [
           {
            "colorbar": {
             "outlinewidth": 0,
             "ticks": ""
            },
            "colorscale": [
             [
              0,
              "#0d0887"
             ],
             [
              0.1111111111111111,
              "#46039f"
             ],
             [
              0.2222222222222222,
              "#7201a8"
             ],
             [
              0.3333333333333333,
              "#9c179e"
             ],
             [
              0.4444444444444444,
              "#bd3786"
             ],
             [
              0.5555555555555556,
              "#d8576b"
             ],
             [
              0.6666666666666666,
              "#ed7953"
             ],
             [
              0.7777777777777778,
              "#fb9f3a"
             ],
             [
              0.8888888888888888,
              "#fdca26"
             ],
             [
              1,
              "#f0f921"
             ]
            ],
            "type": "contour"
           }
          ],
          "contourcarpet": [
           {
            "colorbar": {
             "outlinewidth": 0,
             "ticks": ""
            },
            "type": "contourcarpet"
           }
          ],
          "heatmap": [
           {
            "colorbar": {
             "outlinewidth": 0,
             "ticks": ""
            },
            "colorscale": [
             [
              0,
              "#0d0887"
             ],
             [
              0.1111111111111111,
              "#46039f"
             ],
             [
              0.2222222222222222,
              "#7201a8"
             ],
             [
              0.3333333333333333,
              "#9c179e"
             ],
             [
              0.4444444444444444,
              "#bd3786"
             ],
             [
              0.5555555555555556,
              "#d8576b"
             ],
             [
              0.6666666666666666,
              "#ed7953"
             ],
             [
              0.7777777777777778,
              "#fb9f3a"
             ],
             [
              0.8888888888888888,
              "#fdca26"
             ],
             [
              1,
              "#f0f921"
             ]
            ],
            "type": "heatmap"
           }
          ],
          "heatmapgl": [
           {
            "colorbar": {
             "outlinewidth": 0,
             "ticks": ""
            },
            "colorscale": [
             [
              0,
              "#0d0887"
             ],
             [
              0.1111111111111111,
              "#46039f"
             ],
             [
              0.2222222222222222,
              "#7201a8"
             ],
             [
              0.3333333333333333,
              "#9c179e"
             ],
             [
              0.4444444444444444,
              "#bd3786"
             ],
             [
              0.5555555555555556,
              "#d8576b"
             ],
             [
              0.6666666666666666,
              "#ed7953"
             ],
             [
              0.7777777777777778,
              "#fb9f3a"
             ],
             [
              0.8888888888888888,
              "#fdca26"
             ],
             [
              1,
              "#f0f921"
             ]
            ],
            "type": "heatmapgl"
           }
          ],
          "histogram": [
           {
            "marker": {
             "pattern": {
              "fillmode": "overlay",
              "size": 10,
              "solidity": 0.2
             }
            },
            "type": "histogram"
           }
          ],
          "histogram2d": [
           {
            "colorbar": {
             "outlinewidth": 0,
             "ticks": ""
            },
            "colorscale": [
             [
              0,
              "#0d0887"
             ],
             [
              0.1111111111111111,
              "#46039f"
             ],
             [
              0.2222222222222222,
              "#7201a8"
             ],
             [
              0.3333333333333333,
              "#9c179e"
             ],
             [
              0.4444444444444444,
              "#bd3786"
             ],
             [
              0.5555555555555556,
              "#d8576b"
             ],
             [
              0.6666666666666666,
              "#ed7953"
             ],
             [
              0.7777777777777778,
              "#fb9f3a"
             ],
             [
              0.8888888888888888,
              "#fdca26"
             ],
             [
              1,
              "#f0f921"
             ]
            ],
            "type": "histogram2d"
           }
          ],
          "histogram2dcontour": [
           {
            "colorbar": {
             "outlinewidth": 0,
             "ticks": ""
            },
            "colorscale": [
             [
              0,
              "#0d0887"
             ],
             [
              0.1111111111111111,
              "#46039f"
             ],
             [
              0.2222222222222222,
              "#7201a8"
             ],
             [
              0.3333333333333333,
              "#9c179e"
             ],
             [
              0.4444444444444444,
              "#bd3786"
             ],
             [
              0.5555555555555556,
              "#d8576b"
             ],
             [
              0.6666666666666666,
              "#ed7953"
             ],
             [
              0.7777777777777778,
              "#fb9f3a"
             ],
             [
              0.8888888888888888,
              "#fdca26"
             ],
             [
              1,
              "#f0f921"
             ]
            ],
            "type": "histogram2dcontour"
           }
          ],
          "mesh3d": [
           {
            "colorbar": {
             "outlinewidth": 0,
             "ticks": ""
            },
            "type": "mesh3d"
           }
          ],
          "parcoords": [
           {
            "line": {
             "colorbar": {
              "outlinewidth": 0,
              "ticks": ""
             }
            },
            "type": "parcoords"
           }
          ],
          "pie": [
           {
            "automargin": true,
            "type": "pie"
           }
          ],
          "scatter": [
           {
            "fillpattern": {
             "fillmode": "overlay",
             "size": 10,
             "solidity": 0.2
            },
            "type": "scatter"
           }
          ],
          "scatter3d": [
           {
            "line": {
             "colorbar": {
              "outlinewidth": 0,
              "ticks": ""
             }
            },
            "marker": {
             "colorbar": {
              "outlinewidth": 0,
              "ticks": ""
             }
            },
            "type": "scatter3d"
           }
          ],
          "scattercarpet": [
           {
            "marker": {
             "colorbar": {
              "outlinewidth": 0,
              "ticks": ""
             }
            },
            "type": "scattercarpet"
           }
          ],
          "scattergeo": [
           {
            "marker": {
             "colorbar": {
              "outlinewidth": 0,
              "ticks": ""
             }
            },
            "type": "scattergeo"
           }
          ],
          "scattergl": [
           {
            "marker": {
             "colorbar": {
              "outlinewidth": 0,
              "ticks": ""
             }
            },
            "type": "scattergl"
           }
          ],
          "scattermapbox": [
           {
            "marker": {
             "colorbar": {
              "outlinewidth": 0,
              "ticks": ""
             }
            },
            "type": "scattermapbox"
           }
          ],
          "scatterpolar": [
           {
            "marker": {
             "colorbar": {
              "outlinewidth": 0,
              "ticks": ""
             }
            },
            "type": "scatterpolar"
           }
          ],
          "scatterpolargl": [
           {
            "marker": {
             "colorbar": {
              "outlinewidth": 0,
              "ticks": ""
             }
            },
            "type": "scatterpolargl"
           }
          ],
          "scatterternary": [
           {
            "marker": {
             "colorbar": {
              "outlinewidth": 0,
              "ticks": ""
             }
            },
            "type": "scatterternary"
           }
          ],
          "surface": [
           {
            "colorbar": {
             "outlinewidth": 0,
             "ticks": ""
            },
            "colorscale": [
             [
              0,
              "#0d0887"
             ],
             [
              0.1111111111111111,
              "#46039f"
             ],
             [
              0.2222222222222222,
              "#7201a8"
             ],
             [
              0.3333333333333333,
              "#9c179e"
             ],
             [
              0.4444444444444444,
              "#bd3786"
             ],
             [
              0.5555555555555556,
              "#d8576b"
             ],
             [
              0.6666666666666666,
              "#ed7953"
             ],
             [
              0.7777777777777778,
              "#fb9f3a"
             ],
             [
              0.8888888888888888,
              "#fdca26"
             ],
             [
              1,
              "#f0f921"
             ]
            ],
            "type": "surface"
           }
          ],
          "table": [
           {
            "cells": {
             "fill": {
              "color": "#EBF0F8"
             },
             "line": {
              "color": "white"
             }
            },
            "header": {
             "fill": {
              "color": "#C8D4E3"
             },
             "line": {
              "color": "white"
             }
            },
            "type": "table"
           }
          ]
         },
         "layout": {
          "annotationdefaults": {
           "arrowcolor": "#2a3f5f",
           "arrowhead": 0,
           "arrowwidth": 1
          },
